-9999
-9999
-9999
 1
 1
 1
 1
-9999
-9999
-9999
-9999
-9999
-9999
-9999
-9999
-9999
-9999
-9999
-9999
-9999
-9999
-9999
-9999
-9999
 1
 1
 1
0.9999956
0.9999456
-9999
-9999
-9999
-9999
-9999
-9999
-9999
-9999
-9999
-9999
-9999
-9999
-9999
-9999
-9999
-9999
-9999
0.9999869
0.9999967
0.9996913
0.9999931
-9999
-9999
-9999
-9999
-9999
-9999
-9999
-9999
-9999
-9999
-9999
-9999
-9999
-9999
-9999
-9999
-9999
0.9999499
0.9999826
0.9969629
0.9996279
-9999
-9999
-9999
-9999
-9999
-9999
-9999
-9999
-9999
-9999
-9999
-9999
-9999
-9999
-9999
-9999
-9999
0.9995176
0.9974613
0.9761889
0.9229252
-9999
-9999
-9999
-9999
-9999
-9999
-9999
-9999
-9999
-9999
-9999
-9999
-9999
-9999
-9999
-9999
-9999
0.9921022
0.8530989
0.6718643
0.3028364
-9999
-9999
-9999
-9999
-9999
-9999
-9999
-9999
-9999
-9999
-9999
-9999
-9999
-9999
-9999
-9999
0.9909068
0.9094589
0.5697776
0.2550622
0.2012934
0.2470293
-9999
-9999
-9999
-9999
-9999
-9999
-9999
-9999
-9999
-9999
-9999
-9999
-9999
-9999
0.9928448
-9999
0.8585271
0.5747834
0.09684765
0.1414287
0.213311
-9999
-9999
-9999
-9999
-9999
-9999
-9999
-9999
-9999
-9999
-9999
-9999
-9999
-9999
0.9755905
0.7963398
0.5735039
-9999
0.07092791
0.07298841
-9999
-9999
-9999
-9999
-9999
-9999
-9999
-9999
-9999
-9999
-9999
-9999
-9999
-9999
-9999
0.7104771
0.4345612
0.2973253
0.07950268
0.01328837
0.008665875
-9999
-9999
-9999
-9999
-9999
-9999
-9999
-9999
-9999
-9999
-9999
-9999
-9999
-9999
-9999
-9999
0.2105012
0.08339731
0.02443381
0.001049437
1.254343e-07
-9999
-9999
-9999
-9999
-9999
-9999
-9999
-9999
-9999
-9999
-9999
-9999
-9999
-9999
-9999
0.2328986
0.09401855
0.01231109
0.0002785776
1.606463e-08
-9999
-9999
-9999
-9999
-9999
-9999
-9999
-9999
-9999
-9999
-9999
-9999
-9999
-9999
-9999
0.4065315
0.1304611
0.03268024
0.0002238203
-9999
-9999
-9999
-9999
-9999
-9999
-9999
-9999
-9999
-9999
-9999
-9999
-9999
-9999
-9999
-9999
-9999
0.1024075
0.04466228
0.0001914236
8.735102e-09
-9999
-9999
-9999
-9999
-9999
-9999
-9999
-9999
-9999
-9999
-9999
-9999
-9999
-9999
-9999
-9999
0.1874157
0.01248169
0.002692132
-9999
-9999
-9999
-9999
-9999
-9999
-9999
-9999
-9999
-9999
-9999
-9999
-9999
-9999
-9999
-9999
-9999
0.2508919
0.1290091
-9999
0.0001457565
-9999
-9999
-9999
-9999
-9999
-9999
-9999
-9999
-9999
-9999
-9999
-9999
-9999
-9999
-9999
-9999
-9999
0.09040933
-9999
-9999
-9999
-9999
-9999
-9999
-9999
-9999
-9999
-9999
-9999
-9999
-9999
-9999
-9999
-9999
-9999
-9999
-9999
-9999
0.06337278
-9999
3.733199e-05
-9999
-9999
-9999
-9999
-9999
-9999
-9999
-9999
-9999
-9999
-9999
-9999
-9999
-9999
-9999
-9999
-9999
-9999
-9999
-9999
-9999
-9999
-9999
-9999
-9999
-9999
-9999
-9999
-9999
-9999
-9999
-9999
-9999
-9999
-9999
-9999
-9999
-9999
-9999
-9999
-9999
